"id" "sexo" "edad" "monitor" "v01" "v02" "v03" "v04" "v05" "v06" "v07" "v08" "v09" "v10"
"1" 1 "Hombre" 81 14 NA 1 2 3 3 3 5 5 4 4
"2" 2 "Hombre" 80 1 2 2 1 4 4 4 5 2 4 1
"3" 3 "Mujer" 75 18 4 2 5 4 2 2 3 4 2 1
"4" 4 "Hombre" 77 5 5 5 1 1 4 1 3 5 2 4
"5" 5 "Mujer" 74 3 NA 5 5 1 4 1 5 4 1 3
"6" 6 "Mujer" 61 12 3 4 2 4 3 3 3 3 2 2
"7" 7 "Hombre" 75 7 NA 5 1 3 5 1 2 1 2 5
"8" 8 "Mujer" 78 18 4 1 3 4 3 1 4 2 5 1
"9" 9 "Mujer" 68 3 5 4 1 3 2 5 5 1 2 4
"10" 10 "Hombre" 85 5 2 4 4 2 5 5 2 5 4 4
"11" 11 "Hombre" 72 17 NA 3 5 3 4 1 2 5 2 2
"12" 12 "Hombre" 80 14 1 2 3 3 1 1 1 1 3 2
"13" 13 "Mujer" 82 14 1 3 2 1 3 3 2 4 2 4
"14" 14 "Mujer" 78 20 3 1 2 1 1 5 2 5 3 4
"15" 15 "Hombre" 60 9 2 2 2 2 2 2 1 5 4 4
"16" 16 "Hombre" 80 15 5 2 4 2 2 1 4 1 2 2
"17" 17 "Mujer" 62 19 NA 5 3 3 3 2 1 4 5 4
"18" 18 "Hombre" 66 6 3 4 2 3 3 3 3 5 2 1
"19" 19 "Mujer" 65 11 4 3 5 2 1 2 4 5 2 4
"20" 20 "Mujer" 69 2 3 4 2 4 4 1 1 2 5 5
"21" 21 "Mujer" 66 14 5 4 1 2 1 4 5 3 4 1
"22" 22 "Hombre" 85 20 3 5 4 5 3 5 4 5 2 3
"23" 23 "Hombre" 77 19 3 2 4 2 1 4 3 2 2 2
"24" 24 "Mujer" 69 7 NA 5 4 3 3 3 2 1 5 1
"25" 25 "Mujer" 63 9 NA 3 5 3 1 5 5 2 2 3
"26" 26 "Mujer" 63 3 5 4 4 3 4 1 4 1 4 5
"27" 27 "Hombre" 64 15 1 2 5 4 1 3 3 3 3 3
"28" 28 "Hombre" 71 2 3 5 3 1 3 2 4 1 3 1
"29" 29 "Hombre" 68 20 5 4 2 4 4 1 5 3 5 5
"30" 30 "Mujer" 62 12 5 1 4 5 2 3 5 2 1 1
"31" 31 "Hombre" 70 12 4 1 5 4 3 1 2 2 2 5
"32" 32 "Mujer" 67 19 5 1 2 1 4 2 5 4 3 5
"33" 33 "Hombre" 81 9 5 5 2 1 1 5 1 3 5 5
"34" 34 "Mujer" 78 6 1 2 2 3 5 5 3 4 2 1
"35" 35 "Mujer" 77 9 5 5 2 4 1 1 2 3 1 4
"36" 36 "Mujer" 74 8 4 1 2 5 5 2 5 4 3 1
"37" 37 "Mujer" 70 11 NA 2 2 4 2 1 2 1 1 2
"38" 38 "Mujer" 62 1 NA 1 3 1 1 2 1 2 1 1
"39" 39 "Mujer" 60 19 2 1 5 3 5 5 2 2 4 1
"40" 40 "Hombre" 72 1 NA 3 2 4 3 4 5 3 5 2
"41" 41 "Hombre" 61 13 2 2 2 4 5 2 5 1 4 2
"42" 42 "Mujer" 60 9 1 5 1 4 2 3 4 4 2 3
"43" 43 "Hombre" 82 11 NA 3 1 4 4 3 1 3 4 3
"44" 44 "Hombre" 84 10 3 1 2 5 1 2 4 3 3 5
"45" 45 "Hombre" 73 5 5 2 1 1 3 4 4 3 2 1
"46" 46 "Mujer" 77 3 5 5 5 5 5 5 5 5 1 4
"47" 47 "Hombre" 79 3 5 2 5 2 5 1 4 5 4 4
"48" 48 "Hombre" 80 4 2 4 1 3 1 1 4 4 1 2
"49" 49 "Mujer" 67 3 1 1 2 3 3 4 1 4 2 5
"50" 50 "Mujer" 80 2 4 1 5 5 1 1 5 4 2 1
"51" 51 "Mujer" 83 12 4 5 1 1 5 2 5 2 1 4
"52" 52 "Mujer" 66 11 NA 3 1 1 5 4 3 4 3 2
"53" 53 "Mujer" 61 2 1 2 4 1 4 5 1 4 1 4
"54" 54 "Mujer" 66 15 NA 2 1 5 1 3 4 2 5 4
"55" 55 "Hombre" 80 12 1 1 3 5 2 2 1 3 2 4
"56" 56 "Mujer" 84 19 5 1 4 5 1 5 2 5 1 1
"57" 57 "Hombre" 83 15 3 3 1 2 4 4 3 3 3 1
"58" 58 "Hombre" 71 6 3 2 5 2 3 4 3 1 1 4
"59" 59 "Mujer" 79 17 4 4 3 5 1 3 1 5 1 3
"60" 60 "Mujer" 82 8 3 4 4 1 2 4 3 2 5 2
"61" 61 "Mujer" 78 1 NA 5 1 2 2 5 5 5 1 1
"62" 62 "Mujer" 78 13 3 3 4 4 4 2 1 3 1 4
"63" 63 "Hombre" 68 7 5 4 2 4 3 1 2 3 2 5
"64" 64 "Mujer" 71 8 2 3 4 5 4 2 1 2 3 4
"65" 65 "Hombre" 66 12 5 3 4 2 1 4 2 1 2 3
"66" 66 "Hombre" 83 10 2 4 5 4 5 5 5 1 1 1
"67" 67 "Mujer" 76 14 3 1 1 2 1 5 3 4 2 3
"68" 68 "Mujer" 62 10 4 1 1 5 5 3 1 3 3 5
"69" 69 "Hombre" 67 4 2 3 4 5 1 5 4 3 1 2
"70" 70 "Hombre" 85 8 2 2 4 1 3 4 4 4 1 2
"71" 71 "Mujer" 71 10 5 3 5 1 1 1 4 2 5 1
"72" 72 "Mujer" 66 16 NA 1 3 4 1 1 1 3 2 3
"73" 73 "Mujer" 71 6 NA 3 5 1 5 4 2 1 3 2
"74" 74 "Mujer" 83 1 NA 2 2 3 5 1 2 3 4 3
"75" 75 "Hombre" 66 12 4 3 4 3 2 2 3 2 1 3
"76" 76 "Hombre" 67 8 2 3 5 1 3 1 1 5 1 5
"77" 77 "Mujer" 65 18 NA 3 2 2 2 4 3 1 3 4
"78" 78 "Hombre" 65 13 4 4 2 4 2 3 3 2 4 5
"79" 79 "Mujer" 69 6 4 2 1 1 3 1 4 3 4 3
"80" 80 "Hombre" 79 13 5 5 2 4 3 4 3 5 4 1
"81" 81 "Mujer" 60 17 5 3 2 1 1 3 4 1 1 1
"82" 82 "Hombre" 81 6 4 4 1 2 2 4 3 3 4 2
"83" 83 "Hombre" 68 7 NA 3 5 3 3 3 1 1 1 2
"84" 84 "Mujer" 75 9 5 1 3 2 1 5 3 4 4 2
"85" 85 "Hombre" 76 14 4 1 1 3 1 4 4 5 4 3
"86" 86 "Mujer" 63 18 2 1 3 5 3 1 3 1 4 1
"87" 87 "Hombre" 82 1 3 3 5 4 1 1 4 1 5 5
"88" 88 "Hombre" 83 2 1 5 5 1 5 5 3 5 5 3
"89" 89 "Hombre" 62 3 1 5 3 4 3 1 1 5 4 3
"90" 90 "Mujer" 71 20 4 5 1 3 1 5 1 4 1 2
"91" 91 "Hombre" 72 6 4 4 3 4 5 1 5 1 5 2
"92" 92 "Hombre" 76 9 NA 5 5 2 2 1 1 1 2 2
"93" 93 "Hombre" 76 13 NA 3 3 4 1 3 1 4 3 2
"94" 94 "Mujer" 82 9 4 5 2 3 5 5 2 5 2 4
"95" 95 "Hombre" 61 1 5 2 5 5 1 5 3 4 1 4
"96" 96 "Hombre" 67 18 2 4 1 1 4 4 4 2 5 3
"97" 97 "Mujer" 63 7 5 4 2 2 1 4 4 1 2 5
"98" 98 "Hombre" 84 4 1 4 1 2 3 1 4 2 4 3
"99" 99 "Mujer" 83 12 1 5 3 1 2 5 3 1 4 1
"100" 100 "Hombre" 60 7 1 2 1 3 1 5 4 4 5 1
"101" 101 "Mujer" 66 12 1 4 3 4 3 3 1 5 5 4
"102" 102 "Hombre" 70 15 3 1 5 3 4 2 2 3 4 3
"103" 103 "Mujer" 63 16 NA 1 4 3 2 3 3 1 1 3
"104" 104 "Hombre" 71 15 5 4 1 5 4 5 2 4 2 3
"105" 105 "Mujer" 64 1 4 3 1 4 3 1 2 3 3 1
"106" 106 "Hombre" 63 15 5 1 3 3 3 2 1 2 4 2
"107" 107 "Mujer" 84 16 4 1 4 1 4 2 3 5 2 1
"108" 108 "Hombre" 75 18 3 3 2 4 5 4 5 3 5 2
"109" 109 "Mujer" 74 6 1 5 2 1 4 3 5 3 1 3
"110" 110 "Mujer" 79 17 NA 1 3 1 4 3 4 2 2 5
"111" 111 "Mujer" 78 15 1 3 2 4 1 2 5 4 2 2
"112" 112 "Hombre" 83 18 NA 1 2 1 3 1 2 2 1 4
"113" 113 "Mujer" 68 20 2 4 4 3 2 3 3 3 3 3
"114" 114 "Hombre" 81 8 2 4 4 3 5 1 1 5 3 3
"115" 115 "Hombre" 84 11 4 5 2 5 1 2 3 1 2 1
"116" 116 "Hombre" 76 9 2 3 5 1 5 3 4 5 4 2
"117" 117 "Hombre" 61 6 4 1 4 3 1 2 4 3 5 5
"118" 118 "Mujer" 83 9 4 3 4 1 2 3 5 4 4 5
"119" 119 "Hombre" 80 3 4 3 2 3 2 3 3 2 2 4
"120" 120 "Mujer" 66 4 4 4 4 5 4 5 5 4 5 2
"121" 121 "Mujer" 82 6 NA 4 4 1 5 4 1 5 2 4
"122" 122 "Hombre" 71 10 3 3 1 2 1 5 4 2 4 4
"123" 123 "Mujer" 67 17 2 5 4 3 4 2 4 4 5 4
"124" 124 "Mujer" 68 6 4 4 1 2 3 4 1 4 4 4
"125" 125 "Hombre" 74 13 2 2 4 5 2 2 4 2 3 3
"126" 126 "Hombre" 62 19 4 1 3 1 4 2 2 1 2 5
"127" 127 "Hombre" 84 18 NA 3 1 2 3 3 4 5 3 4
"128" 128 "Hombre" 70 12 NA 4 5 4 5 3 2 3 2 3
"129" 129 "Mujer" 62 13 2 5 3 4 2 5 2 4 4 4
"130" 130 "Mujer" 83 8 4 4 2 5 5 5 1 3 4 5
"131" 131 "Mujer" 74 2 5 3 3 3 1 1 4 2 4 2
"132" 132 "Mujer" 62 15 3 4 5 5 5 3 3 5 1 2
"133" 133 "Mujer" 72 16 NA 3 2 1 1 5 5 4 4 2
"134" 134 "Mujer" 71 11 1 3 2 1 4 3 1 2 2 1
"135" 135 "Mujer" 65 18 3 5 4 3 4 1 5 4 2 3
"136" 136 "Mujer" 68 13 2 3 2 3 1 2 4 5 5 2
"137" 137 "Hombre" 68 19 1 1 1 5 2 4 2 3 4 4
"138" 138 "Mujer" 82 20 5 3 1 1 1 2 2 4 3 3
"139" 139 "Mujer" 81 6 3 5 3 5 2 3 3 5 4 2
"140" 140 "Mujer" 84 5 1 5 2 2 2 3 3 3 5 3
"141" 141 "Hombre" 62 3 NA 1 1 4 4 2 5 3 4 2
"142" 142 "Mujer" 76 4 2 5 5 1 1 5 1 3 5 2
"143" 143 "Hombre" 75 15 3 2 1 1 5 4 5 5 5 2
"144" 144 "Hombre" 78 4 3 2 2 5 2 4 4 2 1 1
"145" 145 "Mujer" 62 12 4 1 2 1 1 5 4 3 5 4
"146" 146 "Hombre" 79 13 3 5 3 5 5 3 1 5 1 5
"147" 147 "Hombre" 73 7 1 4 4 4 5 4 3 3 4 1
"148" 148 "Mujer" 71 1 1 2 4 2 2 3 3 1 4 4
"149" 149 "Hombre" 63 11 4 2 4 3 1 4 5 5 4 4
"150" 150 "Mujer" 70 9 5 5 1 5 2 3 3 3 3 4
"151" 151 "Hombre" 84 11 2 5 3 2 3 4 4 2 4 2
"152" 152 "Mujer" 70 10 2 2 5 2 5 4 3 3 5 4
"153" 153 "Mujer" 75 12 4 4 1 4 4 5 1 5 1 3
"154" 154 "Mujer" 79 14 NA 4 3 4 2 2 4 2 1 4
"155" 155 "Mujer" 75 19 1 1 5 5 1 5 4 5 5 5
"156" 156 "Mujer" 84 17 4 4 2 3 2 3 4 4 4 4
"157" 157 "Hombre" 72 7 NA 1 1 1 2 4 3 3 3 5
"158" 158 "Hombre" 66 20 2 1 5 2 3 4 5 4 1 1
"159" 159 "Mujer" 74 2 5 3 4 3 3 1 1 5 2 2
"160" 160 "Hombre" 78 13 4 3 2 5 5 4 4 3 3 4
"161" 161 "Mujer" 64 6 3 4 3 1 5 4 1 5 3 1
"162" 162 "Hombre" 68 11 2 4 3 4 2 1 4 5 5 4
"163" 163 "Mujer" 60 3 3 4 3 5 3 4 1 2 2 2
"164" 164 "Mujer" 83 13 5 5 5 2 4 5 3 1 4 4
"165" 165 "Hombre" 60 6 2 3 3 5 4 4 3 3 5 3
"166" 166 "Hombre" 82 11 1 4 5 2 2 4 4 5 1 3
"167" 167 "Mujer" 60 9 4 3 5 4 5 5 2 2 4 5
"168" 168 "Mujer" 84 20 NA 3 2 2 4 4 2 4 4 1
"169" 169 "Mujer" 61 20 3 3 2 4 2 4 2 2 4 3
"170" 170 "Mujer" 79 20 4 1 4 1 1 2 2 2 4 1
"171" 171 "Mujer" 76 14 NA 4 4 4 4 2 3 3 5 2
"172" 172 "Hombre" 70 10 1 3 1 2 4 5 4 4 1 4
"173" 173 "Mujer" 65 8 1 1 1 2 5 5 4 3 3 5
"174" 174 "Hombre" 80 7 1 1 1 3 2 5 1 5 5 3
"175" 175 "Mujer" 67 7 5 4 3 2 4 5 4 1 3 4
"176" 176 "Hombre" 73 8 2 3 5 2 5 2 2 4 2 1
"177" 177 "Mujer" 77 16 NA 3 1 2 5 2 1 4 1 4
"178" 178 "Mujer" 72 10 4 4 2 4 4 1 5 2 1 4
"179" 179 "Hombre" 72 17 3 1 3 1 3 5 2 3 5 4
"180" 180 "Mujer" 73 13 2 2 4 4 5 3 5 1 2 2
"181" 181 "Hombre" 75 8 4 1 1 2 3 4 3 1 1 3
"182" 182 "Hombre" 79 13 NA 2 1 5 5 2 2 4 3 2
"183" 183 "Mujer" 69 16 5 2 5 2 1 4 3 5 1 4
"184" 184 "Hombre" 66 20 3 3 1 2 3 3 5 5 1 1
"185" 185 "Mujer" 81 13 3 2 4 4 2 4 5 1 2 3
"186" 186 "Mujer" 66 19 3 2 5 3 5 3 1 3 3 4
"187" 187 "Mujer" 75 2 5 2 4 1 3 2 5 2 1 5
"188" 188 "Mujer" 84 8 1 4 4 2 3 3 1 1 1 3
"189" 189 "Mujer" 64 6 NA 2 3 2 2 1 4 2 1 1
"190" 190 "Hombre" 81 1 3 3 3 4 2 4 1 4 2 4
"191" 191 "Mujer" 64 20 1 5 1 2 3 1 4 3 4 4
"192" 192 "Hombre" 81 16 1 4 4 4 2 4 5 3 2 3
"193" 193 "Hombre" 75 1 5 1 5 4 2 4 5 2 2 3
"194" 194 "Hombre" 74 12 NA 3 1 3 5 4 3 4 4 2
"195" 195 "Mujer" 79 20 1 4 4 4 5 1 1 5 4 3
"196" 196 "Hombre" 80 19 NA 1 1 4 1 3 2 5 1 5
"197" 197 "Mujer" 76 3 5 2 4 2 4 5 5 3 4 4
"198" 198 "Hombre" 82 5 4 1 5 4 1 1 2 1 2 2
"199" 199 "Mujer" 72 9 3 1 2 4 1 4 2 2 5 2
"200" 200 "Mujer" 83 10 2 3 2 3 3 1 5 2 2 4
"201" 201 "Mujer" 84 3 4 3 3 5 3 4 3 1 5 1
"202" 202 "Hombre" 85 19 1 1 5 1 1 1 1 4 2 4
"203" 203 "Hombre" 62 15 5 3 5 1 2 1 4 3 3 4
"204" 204 "Hombre" 74 7 2 3 4 1 1 1 1 1 5 2
"205" 205 "Mujer" 82 9 5 3 1 4 4 3 4 5 5 2
"206" 206 "Hombre" 69 5 NA 3 1 1 3 1 4 2 4 1
"207" 207 "Mujer" 75 20 2 3 1 4 5 3 3 1 1 5
"208" 208 "Hombre" 74 2 3 4 5 1 1 1 4 1 3 1
"209" 209 "Mujer" 72 7 4 1 2 2 1 5 3 1 1 2
"210" 210 "Mujer" 82 1 3 4 4 4 5 5 4 5 1 1
"211" 211 "Hombre" 82 12 NA 4 4 2 4 1 1 1 3 1
"212" 212 "Hombre" 70 11 NA 3 1 5 3 5 5 2 2 1
"213" 213 "Hombre" 76 3 5 3 1 2 2 4 3 1 3 5
"214" 214 "Mujer" 75 12 2 4 1 5 3 5 1 4 4 1
"215" 215 "Hombre" 66 1 2 3 5 5 1 3 5 1 2 3
"216" 216 "Hombre" 67 2 2 3 4 5 3 1 3 2 5 3
"217" 217 "Hombre" 61 7 1 1 4 5 1 1 2 1 1 1
"218" 218 "Mujer" 85 15 NA 2 1 3 2 1 5 5 3 2
"219" 219 "Mujer" 80 1 1 5 3 2 2 3 4 4 4 5
"220" 220 "Mujer" 66 16 NA 3 4 4 4 2 3 1 2 1
"221" 221 "Mujer" 69 3 1 5 4 1 5 3 1 4 1 5
"222" 222 "Hombre" 80 12 4 2 1 1 1 1 1 3 4 1
"223" 223 "Mujer" 63 8 4 4 4 1 1 2 2 1 5 5
"224" 224 "Mujer" 76 19 1 5 1 4 2 5 4 1 5 3
"225" 225 "Mujer" 74 4 5 4 1 3 2 2 4 1 4 3
"226" 226 "Hombre" 67 18 4 4 4 3 3 1 4 4 4 4
"227" 227 "Mujer" 72 9 3 4 4 2 3 5 4 2 4 4
"228" 228 "Hombre" 76 6 4 5 1 3 4 4 1 5 2 1
"229" 229 "Hombre" 75 5 2 3 1 4 1 1 3 4 2 1
"230" 230 "Mujer" 77 18 NA 1 3 4 5 1 3 3 5 2
"231" 231 "Mujer" 65 7 NA 2 1 4 5 3 4 3 4 1
"232" 232 "Mujer" 73 15 4 4 4 4 1 4 5 4 4 1
"233" 233 "Mujer" 74 7 5 1 5 1 1 3 2 2 2 1
"234" 234 "Hombre" 82 8 5 1 4 4 4 2 4 5 4 5
"235" 235 "Mujer" 78 13 2 2 2 3 4 1 5 2 2 4
"236" 236 "Hombre" 73 11 2 5 1 3 5 2 4 2 1 1
"237" 237 "Mujer" 71 1 NA 1 1 4 2 2 4 2 1 5
"238" 238 "Mujer" 62 15 1 2 5 1 5 2 1 4 4 2
"239" 239 "Mujer" 80 10 3 3 2 2 5 3 3 3 2 3
"240" 240 "Mujer" 71 20 5 4 3 5 3 3 1 4 2 1
"241" 241 "Hombre" 76 15 5 3 5 1 2 5 2 2 5 4
"242" 242 "Hombre" 65 19 2 1 4 2 3 5 1 4 5 2
"243" 243 "Hombre" 85 12 4 1 4 3 1 2 4 1 1 2
"244" 244 "Hombre" 77 4 1 5 3 2 1 4 4 2 1 4
"245" 245 "Mujer" 74 18 4 3 3 5 3 4 3 5 2 1
"246" 246 "Hombre" 72 3 3 1 5 4 1 2 4 2 1 5
"247" 247 "Mujer" 73 17 1 3 1 5 5 4 4 5 1 1
"248" 248 "Hombre" 83 8 5 3 1 3 3 4 2 1 5 5
"249" 249 "Hombre" 68 13 1 2 5 3 4 4 4 3 4 3
"250" 250 "Hombre" 81 20 3 5 1 2 3 5 3 4 2 5
"251" 251 "Hombre" 85 13 1 3 5 2 1 3 3 2 3 1
"252" 252 "Mujer" 73 2 3 1 5 2 3 5 3 3 2 1
"253" 253 "Mujer" 63 7 5 1 2 3 3 5 5 2 2 5
"254" 254 "Hombre" 62 15 NA 1 5 2 5 1 1 5 1 2
"255" 255 "Mujer" 65 5 2 2 3 2 4 2 4 2 4 4
"256" 256 "Mujer" 74 9 1 2 1 4 2 4 4 1 1 4
"257" 257 "Mujer" 68 7 5 2 3 2 4 4 1 3 1 1
"258" 258 "Mujer" 82 17 3 4 1 1 3 2 4 5 3 3
"259" 259 "Mujer" 63 7 NA 2 4 1 3 2 5 3 2 4
"260" 260 "Mujer" 61 2 4 2 2 5 1 4 1 3 3 4
"261" 261 "Hombre" 67 1 1 1 2 2 1 1 2 1 5 1
"262" 262 "Mujer" 75 7 4 4 2 4 5 3 4 2 1 5
"263" 263 "Hombre" 77 7 NA 2 4 2 1 1 2 4 2 4
"264" 264 "Hombre" 60 15 3 4 1 5 1 5 2 5 4 5
"265" 265 "Hombre" 68 6 4 3 5 5 4 5 4 5 2 2
"266" 266 "Hombre" 65 10 2 1 1 1 2 1 5 2 3 4
"267" 267 "Hombre" 72 5 4 3 3 5 3 5 5 4 1 1
"268" 268 "Mujer" 85 8 1 4 1 5 3 2 2 1 5 3
"269" 269 "Hombre" 71 7 2 3 5 5 3 5 5 5 4 5
"270" 270 "Mujer" 84 2 4 5 4 1 3 4 2 1 5 4
"271" 271 "Mujer" 80 11 5 2 4 4 4 5 5 1 4 3
"272" 272 "Mujer" 82 19 2 1 5 4 4 5 2 2 1 4
"273" 273 "Mujer" 60 4 1 4 3 4 4 3 3 5 3 5
"274" 274 "Mujer" 62 9 4 3 1 3 5 3 1 5 3 5
"275" 275 "Hombre" 77 12 4 3 2 2 4 5 4 1 4 3
"276" 276 "Mujer" 67 9 1 2 3 1 4 1 3 2 3 4
"277" 277 "Hombre" 73 6 2 2 2 5 5 1 2 3 1 1
"278" 278 "Mujer" 81 9 1 1 5 1 4 2 2 3 2 3
"279" 279 "Mujer" 67 8 3 3 5 2 3 1 3 2 5 5
"280" 280 "Mujer" 78 1 2 5 3 1 3 4 4 2 2 4
"281" 281 "Mujer" 83 11 1 1 2 4 2 5 5 3 1 1
"282" 282 "Mujer" 72 18 1 3 4 5 3 5 1 1 5 5
"283" 283 "Hombre" 79 20 1 1 5 5 2 1 4 2 2 2
"284" 284 "Hombre" 82 20 NA 2 2 2 2 4 3 3 4 4
"285" 285 "Hombre" 79 6 3 4 5 1 5 1 3 3 4 2
"286" 286 "Hombre" 82 10 4 1 2 5 5 3 5 5 1 5
"287" 287 "Mujer" 67 18 2 2 4 4 4 3 4 1 5 4
"288" 288 "Mujer" 75 14 NA 4 4 5 5 2 2 4 2 4
"289" 289 "Mujer" 67 4 4 3 1 4 1 2 3 4 2 3
"290" 290 "Hombre" 61 18 5 4 2 3 5 5 5 3 1 3
"291" 291 "Hombre" 63 12 5 5 3 1 4 2 3 1 2 5
"292" 292 "Hombre" 66 10 NA 1 5 1 3 3 3 4 3 3
"293" 293 "Hombre" 77 6 2 5 5 3 5 3 1 3 3 3
"294" 294 "Hombre" 80 1 1 3 2 2 1 3 1 5 3 1
"295" 295 "Hombre" 77 1 NA 3 3 5 3 2 1 1 5 3
"296" 296 "Mujer" 73 6 1 3 3 3 5 4 4 5 5 5
"297" 297 "Mujer" 82 14 2 2 1 2 3 3 3 2 4 1
"298" 298 "Hombre" 73 8 1 4 3 2 2 3 5 1 5 2
"299" 299 "Mujer" 72 7 NA 3 5 3 3 5 5 1 3 5
"300" 300 "Mujer" 76 9 NA 5 4 2 3 4 2 2 1 2
"301" 301 "Mujer" 62 20 NA 4 1 1 5 2 1 2 2 3
"302" 302 "Hombre" 65 1 3 2 1 1 4 1 3 2 1 3
"303" 303 "Mujer" 85 8 5 4 4 5 1 1 1 1 3 4
"304" 304 "Mujer" 76 18 2 5 1 4 1 5 2 4 1 2
"305" 305 "Mujer" 85 19 1 2 5 1 2 2 2 3 2 3
"306" 306 "Mujer" 85 19 1 4 1 4 4 1 4 3 2 1
"307" 307 "Mujer" 83 10 2 1 4 1 2 4 1 1 2 5
"308" 308 "Hombre" 67 10 3 2 2 3 4 1 1 5 1 3
"309" 309 "Hombre" 61 15 3 3 5 2 3 4 2 4 1 4
"310" 310 "Hombre" 79 17 5 1 5 1 5 4 2 1 1 1
"311" 311 "Mujer" 74 18 2 3 4 4 2 4 4 2 5 4
"312" 312 "Hombre" 80 11 4 3 2 2 5 4 1 2 2 1
"313" 313 "Mujer" 70 19 4 5 5 2 3 1 2 5 3 1
"314" 314 "Mujer" 66 19 5 1 4 3 5 4 5 1 5 3
"315" 315 "Hombre" 66 11 NA 3 2 3 1 4 5 3 2 2
"316" 316 "Mujer" 65 3 4 1 2 5 3 3 1 3 1 1
"317" 317 "Hombre" 84 13 1 4 5 3 4 1 2 2 1 2
"318" 318 "Mujer" 66 14 4 3 2 5 1 4 4 4 1 1
"319" 319 "Hombre" 67 10 NA 2 3 5 4 3 5 2 4 1
"320" 320 "Mujer" 65 19 2 3 3 3 2 3 3 1 5 3
"321" 321 "Mujer" 79 20 3 1 2 3 3 1 1 5 5 3
"322" 322 "Mujer" 63 17 1 2 4 3 2 2 4 5 3 1
"323" 323 "Mujer" 83 15 NA 1 3 1 5 2 1 4 3 4
"324" 324 "Hombre" 63 20 NA 1 3 2 3 4 2 3 3 2
"325" 325 "Hombre" 79 18 2 5 4 2 4 4 3 3 1 5
"326" 326 "Mujer" 72 12 2 5 3 2 2 4 3 1 5 2
"327" 327 "Hombre" 68 20 5 2 1 5 3 2 1 3 5 4
"328" 328 "Hombre" 77 6 NA 3 5 2 1 1 1 1 2 1
"329" 329 "Mujer" 81 4 NA 2 1 3 3 4 2 3 4 2
"330" 330 "Mujer" 63 9 3 2 5 2 4 4 5 5 5 3
"331" 331 "Mujer" 75 7 2 3 1 2 2 3 3 1 3 3
"332" 332 "Hombre" 70 10 3 3 5 5 5 5 5 5 5 5
"333" 333 "Mujer" 72 3 NA 1 1 5 5 3 4 2 2 2
"334" 334 "Mujer" 77 19 4 5 3 2 4 2 5 2 1 3
"335" 335 "Hombre" 74 15 3 5 3 5 4 5 5 3 5 4
"336" 336 "Mujer" 81 4 1 5 1 5 2 5 3 5 3 1
"337" 337 "Hombre" 62 1 4 5 2 4 1 1 3 3 2 2
"338" 338 "Hombre" 85 10 4 3 4 1 3 2 1 5 2 1
"339" 339 "Mujer" 83 14 3 2 3 4 5 2 4 2 1 2
"340" 340 "Mujer" 73 15 3 1 5 5 2 1 3 4 4 2
"341" 341 "Hombre" 63 10 4 2 1 2 4 2 4 4 2 1
"342" 342 "Hombre" 82 17 NA 3 1 1 1 2 3 5 1 3
"343" 343 "Mujer" 83 8 3 4 2 5 4 2 1 2 1 4
"344" 344 "Hombre" 61 4 3 2 5 5 5 1 4 4 1 2
"345" 345 "Hombre" 74 2 3 1 2 3 5 1 1 5 4 5
"346" 346 "Hombre" 81 16 2 1 1 3 4 2 5 3 1 2
"347" 347 "Mujer" 68 16 4 1 2 5 1 5 3 4 3 5
"348" 348 "Mujer" 79 7 1 4 2 4 5 1 2 1 5 5
"349" 349 "Mujer" 78 11 1 5 1 4 1 5 5 1 2 3
"350" 350 "Mujer" 68 17 1 5 1 5 4 2 4 1 1 2
"351" 351 "Hombre" 73 3 2 2 4 5 4 1 1 1 4 3
"352" 352 "Mujer" 76 17 5 3 3 3 1 1 2 2 4 3
"353" 353 "Mujer" 81 17 4 2 3 3 4 4 2 3 4 2
"354" 354 "Mujer" 84 9 3 1 2 5 2 5 4 3 5 1
"355" 355 "Hombre" 71 20 5 4 2 3 4 4 4 2 4 1
"356" 356 "Hombre" 85 20 3 1 4 3 1 1 5 3 1 2
"357" 357 "Hombre" 74 5 3 3 2 4 5 5 5 3 3 3
"358" 358 "Hombre" 80 20 3 2 2 1 4 1 1 5 4 3
"359" 359 "Mujer" 79 20 5 4 4 4 3 3 4 4 4 2
"360" 360 "Mujer" 85 12 3 4 3 5 4 1 1 1 2 3
"361" 361 "Mujer" 69 1 5 3 2 1 4 1 1 2 4 2
"362" 362 "Hombre" 77 14 5 4 3 1 1 5 3 1 5 5
"363" 363 "Hombre" 82 1 3 4 2 5 3 3 2 1 1 4
"364" 364 "Mujer" 75 2 NA 5 5 4 2 5 2 3 2 2
"365" 365 "Mujer" 65 1 2 2 3 5 2 1 1 1 2 2
"366" 366 "Hombre" 85 6 3 4 4 4 1 2 4 3 1 5
"367" 367 "Mujer" 78 5 NA 5 2 1 5 3 2 5 4 2
"368" 368 "Mujer" 63 9 4 5 3 5 2 2 4 2 3 2
"369" 369 "Mujer" 76 16 1 4 3 1 2 1 4 2 5 2
"370" 370 "Hombre" 69 14 4 3 3 5 1 4 3 4 4 2
"371" 371 "Hombre" 76 18 5 5 5 5 2 2 2 2 4 1
"372" 372 "Hombre" 78 4 NA 5 2 4 3 1 1 5 4 5
"373" 373 "Mujer" 65 6 4 5 4 1 1 4 1 2 5 5
"374" 374 "Mujer" 75 1 3 3 3 2 5 3 1 1 5 4
"375" 375 "Hombre" 85 7 1 3 4 2 1 5 4 5 5 1
"376" 376 "Mujer" 82 13 5 3 5 3 1 4 5 2 4 1
"377" 377 "Mujer" 65 20 5 2 1 2 4 3 2 3 3 4
"378" 378 "Hombre" 73 5 5 5 1 3 2 4 2 2 2 1
"379" 379 "Mujer" 78 17 1 2 4 4 2 4 1 5 4 2
"380" 380 "Mujer" 81 12 3 5 2 1 3 1 5 4 1 1
"381" 381 "Mujer" 70 9 3 1 4 2 5 4 3 1 5 5
"382" 382 "Hombre" 74 13 4 1 3 1 1 3 4 5 2 2
"383" 383 "Hombre" 73 6 3 1 2 3 5 1 1 2 3 3
"384" 384 "Hombre" 72 6 4 4 1 4 3 1 5 2 1 4
"385" 385 "Mujer" 72 3 4 2 1 3 5 3 2 3 5 3
"386" 386 "Mujer" 84 17 4 1 2 4 1 1 5 1 3 1
"387" 387 "Mujer" 71 19 NA 2 4 3 4 1 4 2 1 4
"388" 388 "Mujer" 81 12 5 5 3 1 1 5 1 1 3 1
"389" 389 "Hombre" 75 8 2 1 4 3 4 2 4 1 5 2
"390" 390 "Hombre" 85 5 2 1 4 5 3 2 1 5 5 2
"391" 391 "Hombre" 64 6 4 1 3 2 5 2 1 1 4 4
"392" 392 "Mujer" 60 20 NA 1 3 5 3 4 5 5 1 5
"393" 393 "Mujer" 70 4 3 3 1 4 1 4 2 1 4 2
"394" 394 "Mujer" 68 3 1 1 1 4 3 2 4 5 1 5
"395" 395 "Mujer" 83 18 5 5 5 5 4 3 2 1 5 5
"396" 396 "Mujer" 61 8 2 1 5 4 3 1 5 5 3 5
"397" 397 "Hombre" 72 5 NA 1 5 2 1 2 3 4 3 5
"398" 398 "Hombre" 83 16 3 2 2 1 4 2 5 3 4 1
"399" 399 "Mujer" 75 17 NA 1 1 2 2 1 2 3 4 2
"400" 400 "Mujer" 61 17 4 2 2 3 3 3 5 5 3 2
"401" 401 "Hombre" 66 19 1 1 1 3 2 1 3 3 4 3
"402" 402 "Hombre" 62 1 NA 5 4 5 1 1 5 4 2 1
"403" 403 "Mujer" 70 14 5 1 3 4 1 2 4 2 3 5
"404" 404 "Mujer" 78 18 4 5 5 4 5 4 5 3 1 1
"405" 405 "Hombre" 68 5 3 1 1 1 4 1 1 2 2 1
"406" 406 "Hombre" 82 17 4 2 3 2 4 3 1 4 2 2
"407" 407 "Mujer" 68 10 2 4 2 1 5 2 4 3 4 5
"408" 408 "Hombre" 60 15 4 1 4 2 5 3 3 3 4 5
"409" 409 "Hombre" 84 16 2 4 3 2 1 5 1 1 5 4
"410" 410 "Hombre" 62 10 3 2 5 1 5 3 2 1 2 1
"411" 411 "Mujer" 74 16 4 4 5 1 5 3 5 4 2 4
"412" 412 "Mujer" 78 6 5 5 1 4 2 4 1 2 4 1
"413" 413 "Mujer" 72 7 3 2 2 3 3 4 4 2 4 1
"414" 414 "Hombre" 66 6 1 4 1 3 1 3 3 2 5 4
"415" 415 "Hombre" 76 13 2 2 5 3 3 1 3 3 3 3
"416" 416 "Hombre" 69 10 3 4 2 5 2 3 4 5 2 3
"417" 417 "Mujer" 71 7 2 2 4 2 3 1 1 2 5 1
"418" 418 "Hombre" 62 16 NA 2 1 4 1 1 4 5 3 5
"419" 419 "Hombre" 74 9 3 3 1 5 1 2 4 3 1 2
"420" 420 "Mujer" 71 2 NA 4 2 4 3 2 2 1 3 3
"421" 421 "Hombre" 82 19 3 4 4 1 3 1 3 2 1 2
"422" 422 "Mujer" 61 8 4 5 1 2 5 2 1 2 5 1
"423" 423 "Mujer" 72 11 2 4 4 3 1 1 5 1 2 2
"424" 424 "Mujer" 76 17 2 2 2 5 5 3 2 2 1 2
"425" 425 "Mujer" 75 19 4 1 2 3 5 4 2 5 4 5
"426" 426 "Mujer" 74 19 NA 3 5 1 3 1 3 1 2 3
"427" 427 "Mujer" 60 3 1 3 4 3 4 4 1 5 4 4
"428" 428 "Hombre" 72 12 NA 2 4 3 1 4 3 2 2 5
"429" 429 "Hombre" 82 5 2 1 1 3 3 2 3 4 5 5
"430" 430 "Hombre" 77 12 4 3 5 2 2 4 1 2 5 2
"431" 431 "Hombre" 67 17 5 3 3 1 5 4 3 5 2 5
"432" 432 "Mujer" 75 1 NA 2 4 2 2 2 1 1 3 5
"433" 433 "Mujer" 70 4 3 2 3 2 5 5 4 5 3 1
"434" 434 "Hombre" 63 12 1 1 4 1 5 5 3 2 1 3
"435" 435 "Mujer" 64 3 1 1 5 1 1 2 3 5 1 1
"436" 436 "Mujer" 78 4 4 4 4 5 1 5 5 5 2 1
"437" 437 "Hombre" 80 20 4 1 4 2 3 3 3 2 1 3
"438" 438 "Mujer" 81 17 2 5 4 5 3 3 4 2 5 1
"439" 439 "Mujer" 85 19 3 5 1 1 2 5 5 1 3 4
"440" 440 "Mujer" 61 5 2 2 5 5 5 4 4 5 5 1
"441" 441 "Mujer" 80 9 3 3 5 2 5 5 5 1 1 2
"442" 442 "Mujer" 76 18 3 5 4 2 4 4 3 3 5 5
"443" 443 "Hombre" 73 1 4 3 2 1 4 3 3 5 1 3
"444" 444 "Mujer" 62 9 NA 5 5 5 1 5 3 2 2 4
"445" 445 "Mujer" 79 11 2 3 4 1 5 3 2 4 1 2
"446" 446 "Hombre" 69 12 NA 3 5 2 4 4 5 5 4 1
"447" 447 "Hombre" 85 5 3 3 3 3 2 4 2 1 3 5
"448" 448 "Mujer" 81 13 3 2 2 5 4 5 4 2 3 5
"449" 449 "Mujer" 75 20 4 4 5 3 2 5 2 5 5 5
"450" 450 "Hombre" 67 11 4 3 3 2 2 2 1 4 4 1
"451" 451 "Mujer" 71 19 1 4 5 1 3 4 4 4 3 4
"452" 452 "Mujer" 67 13 1 4 5 5 1 2 4 3 1 1
"453" 453 "Mujer" 64 19 NA 1 4 5 1 3 4 1 4 4
"454" 454 "Mujer" 71 12 5 5 5 2 1 5 4 3 4 2
"455" 455 "Hombre" 80 17 2 5 1 1 5 3 1 1 3 1
"456" 456 "Hombre" 67 15 NA 1 4 4 2 2 1 3 3 4
"457" 457 "Hombre" 60 12 2 3 3 1 2 4 3 3 2 1
"458" 458 "Hombre" 62 10 4 1 4 4 4 4 3 4 1 1
"459" 459 "Hombre" 71 5 3 5 2 5 4 5 4 1 4 2
"460" 460 "Hombre" 65 15 4 4 2 2 4 1 5 2 1 2
"461" 461 "Mujer" 76 15 5 3 2 2 2 1 2 1 2 3
"462" 462 "Hombre" 85 12 5 2 4 1 3 3 3 1 5 1
"463" 463 "Hombre" 69 8 3 3 1 4 3 1 1 2 2 3
"464" 464 "Mujer" 73 4 NA 5 4 5 4 5 5 4 2 4
"465" 465 "Mujer" 76 2 4 1 2 5 2 5 4 5 3 3
"466" 466 "Mujer" 69 4 NA 5 2 5 5 1 3 4 1 4
"467" 467 "Mujer" 81 6 4 3 3 1 5 5 1 3 4 2
"468" 468 "Mujer" 66 13 NA 2 5 4 3 1 3 3 1 3
"469" 469 "Mujer" 61 15 4 5 5 2 4 5 3 5 1 2
"470" 470 "Hombre" 79 6 5 4 1 2 2 1 2 2 1 2
"471" 471 "Hombre" 61 15 1 3 1 2 2 1 4 2 4 4
"472" 472 "Mujer" 66 2 2 4 3 3 1 3 1 3 4 2
"473" 473 "Mujer" 69 11 1 2 4 2 3 2 5 1 1 1
"474" 474 "Mujer" 78 15 2 1 4 5 5 5 1 2 1 2
"475" 475 "Mujer" 66 16 3 2 5 2 2 2 1 2 1 2
"476" 476 "Hombre" 72 15 4 5 3 3 5 5 5 2 4 2
"477" 477 "Hombre" 69 6 5 3 5 4 2 1 1 2 5 5
"478" 478 "Mujer" 82 5 NA 5 2 2 3 4 2 2 1 5
"479" 479 "Mujer" 61 13 4 2 4 1 3 1 4 4 2 5
"480" 480 "Mujer" 68 10 2 5 4 5 4 2 2 4 1 5
"481" 481 "Mujer" 79 9 3 3 1 2 2 3 2 3 1 1
"482" 482 "Mujer" 70 1 3 2 5 4 5 2 5 2 4 5
"483" 483 "Mujer" 62 1 4 4 3 2 4 2 1 4 4 3
"484" 484 "Hombre" 62 13 NA 2 4 5 4 4 4 2 1 4
"485" 485 "Mujer" 69 19 3 1 1 3 3 3 3 5 4 3
"486" 486 "Mujer" 84 10 1 4 5 5 2 2 2 3 5 3
"487" 487 "Mujer" 85 4 1 4 4 1 4 2 5 1 2 3
"488" 488 "Mujer" 62 16 5 1 4 4 2 4 4 3 2 5
"489" 489 "Mujer" 79 2 1 4 2 4 4 5 4 3 5 3
"490" 490 "Mujer" 76 3 2 3 4 1 4 3 4 5 1 1
"491" 491 "Mujer" 61 11 1 2 1 5 5 4 5 4 3 5
"492" 492 "Hombre" 60 17 1 4 1 3 2 5 1 5 2 2
"493" 493 "Hombre" 70 9 2 1 1 2 4 4 4 3 2 5
"494" 494 "Hombre" 74 6 5 5 1 5 2 2 5 2 5 3
"495" 495 "Mujer" 77 3 2 1 2 5 4 4 1 1 5 5
"496" 496 "Hombre" 64 11 4 4 3 4 2 4 5 1 2 3
"497" 497 "Hombre" 81 11 2 1 5 4 1 4 3 5 5 1
"498" 498 "Hombre" 60 18 4 3 5 1 5 4 3 4 3 4
"499" 499 "Mujer" 83 7 3 1 1 2 3 2 2 4 5 4
"500" 500 "Hombre" 82 16 1 5 1 5 1 5 3 3 2 3
"501" 501 "Mujer" 66 2 2 4 2 4 5 2 5 5 2 1
"502" 502 "Mujer" 82 3 1 3 2 4 1 2 3 3 1 2
"503" 503 "Hombre" 62 16 2 1 3 1 5 1 4 5 4 2
"504" 504 "Hombre" 73 11 2 3 3 5 5 5 5 2 4 1
"505" 505 "Hombre" 64 18 1 3 5 4 4 5 2 5 1 1
"506" 506 "Hombre" 62 3 4 1 3 4 4 5 4 4 1 4
"507" 507 "Hombre" 70 8 2 3 5 1 1 3 4 2 4 1
"508" 508 "Hombre" 84 5 NA 5 1 4 2 4 1 5 2 2
"509" 509 "Hombre" 81 16 5 1 5 2 5 1 4 3 1 4
"510" 510 "Mujer" 65 5 1 4 2 3 1 1 1 2 2 2
"511" 511 "Mujer" 78 16 2 3 4 4 5 3 3 1 1 1
"512" 512 "Hombre" 63 9 NA 4 2 1 5 3 1 3 5 4
"513" 513 "Hombre" 68 12 NA 1 1 4 4 3 2 1 1 1
"514" 514 "Hombre" 66 17 NA 4 5 1 5 3 1 1 3 2
"515" 515 "Mujer" 68 11 3 3 5 5 4 2 3 1 3 3
"516" 516 "Mujer" 66 18 2 1 2 2 5 4 5 5 4 3
"517" 517 "Hombre" 81 14 2 1 5 3 4 2 1 2 3 3
"518" 518 "Mujer" 67 2 2 2 3 5 2 4 1 5 4 1
"519" 519 "Mujer" 70 6 4 3 3 3 3 3 4 5 4 1
"520" 520 "Hombre" 72 9 2 5 3 3 3 5 5 4 3 4
"521" 521 "Hombre" 68 18 1 3 2 4 5 5 2 2 1 5
"522" 522 "Hombre" 63 17 NA 2 4 4 5 2 2 1 1 1
"523" 523 "Mujer" 62 13 1 5 5 4 4 4 4 5 2 2
"524" 524 "Hombre" 64 9 5 5 4 4 1 4 4 1 3 1
"525" 525 "Mujer" 66 10 NA 1 5 5 5 2 5 4 3 2
"526" 526 "Mujer" 69 7 2 2 4 5 5 3 2 3 1 1
"527" 527 "Hombre" 70 5 NA 4 1 2 3 3 2 1 2 2
"528" 528 "Mujer" 69 4 5 4 1 4 4 3 2 2 2 2
"529" 529 "Mujer" 82 17 NA 5 3 3 2 5 4 2 2 5
"530" 530 "Hombre" 73 13 NA 4 5 3 1 1 3 1 2 4
"531" 531 "Mujer" 65 7 NA 4 5 1 2 4 5 4 5 2
"532" 532 "Mujer" 69 11 1 2 5 2 1 5 2 1 3 1
"533" 533 "Mujer" 71 10 NA 4 4 3 4 1 5 2 1 3
"534" 534 "Hombre" 61 4 3 5 2 4 1 3 3 2 4 1
"535" 535 "Hombre" 80 16 1 5 2 3 2 1 5 2 4 5
"536" 536 "Hombre" 61 15 4 3 5 1 4 2 3 1 1 4
"537" 537 "Mujer" 67 14 5 3 2 2 1 1 3 3 2 4
"538" 538 "Hombre" 63 6 NA 3 1 4 3 3 4 1 4 2
"539" 539 "Mujer" 82 12 3 5 1 3 5 5 1 2 4 1
"540" 540 "Hombre" 68 15 1 4 1 3 5 1 3 1 5 2
"541" 541 "Hombre" 72 6 NA 5 2 1 5 5 2 3 3 3
"542" 542 "Hombre" 62 6 4 5 3 5 3 5 2 2 3 4
"543" 543 "Hombre" 72 3 NA 1 3 4 5 5 1 3 5 5
"544" 544 "Hombre" 63 19 2 5 4 2 2 4 4 5 4 3
"545" 545 "Mujer" 60 13 5 3 3 2 1 5 2 3 2 1
"546" 546 "Hombre" 65 6 1 5 2 4 3 3 2 1 2 4
"547" 547 "Hombre" 64 12 5 5 3 4 1 4 3 4 4 4
"548" 548 "Mujer" 66 4 3 1 4 5 5 1 4 3 5 1
"549" 549 "Mujer" 69 4 4 2 1 5 5 2 2 2 5 2
"550" 550 "Mujer" 60 13 NA 1 3 5 2 1 5 1 2 1
"551" 551 "Mujer" 70 10 NA 1 1 5 1 2 1 1 5 3
"552" 552 "Hombre" 85 1 2 3 4 3 2 1 5 3 1 3
"553" 553 "Mujer" 77 20 3 3 1 2 4 4 5 3 4 1
"554" 554 "Mujer" 60 8 5 1 4 4 2 1 2 1 4 2
"555" 555 "Mujer" 64 15 1 4 5 5 1 1 4 1 3 4
"556" 556 "Hombre" 76 4 NA 2 3 2 1 4 1 5 5 2
"557" 557 "Mujer" 62 18 4 3 5 2 2 3 5 5 4 1
"558" 558 "Hombre" 67 13 NA 4 5 1 4 2 5 1 4 4
"559" 559 "Mujer" 77 8 4 5 3 4 1 1 1 2 1 2
"560" 560 "Hombre" 76 18 2 3 5 2 1 1 4 5 4 3
"561" 561 "Hombre" 66 11 5 3 2 2 3 4 3 3 4 4
"562" 562 "Mujer" 61 13 5 3 4 4 1 4 5 4 4 1
"563" 563 "Mujer" 69 13 4 3 2 1 1 3 5 1 4 4
"564" 564 "Hombre" 65 1 5 1 3 2 3 4 5 2 5 5
"565" 565 "Hombre" 60 15 5 1 3 1 4 3 5 3 4 3
"566" 566 "Hombre" 77 1 3 3 2 3 3 2 3 4 4 3
"567" 567 "Mujer" 67 5 3 1 1 5 4 3 2 2 5 4
"568" 568 "Hombre" 67 13 1 2 2 5 3 2 4 1 5 3
"569" 569 "Mujer" 71 8 4 5 4 4 4 1 4 5 2 5
"570" 570 "Hombre" 74 19 NA 4 1 2 1 1 1 5 1 5
"571" 571 "Hombre" 85 19 4 5 1 5 4 2 1 2 1 2
"572" 572 "Hombre" 66 15 2 5 1 1 4 2 2 3 2 4
"573" 573 "Mujer" 67 17 3 5 2 5 5 1 5 4 3 3
"574" 574 "Hombre" 80 14 2 4 1 5 4 4 3 4 5 2
"575" 575 "Hombre" 69 4 1 5 5 4 4 4 1 5 1 1
"576" 576 "Hombre" 64 5 NA 1 3 1 1 3 3 5 1 1
"577" 577 "Mujer" 78 8 1 1 1 5 2 4 2 5 4 4
"578" 578 "Hombre" 75 4 4 4 1 4 1 1 4 3 4 5
"579" 579 "Mujer" 72 18 NA 2 1 5 4 2 1 3 4 2
"580" 580 "Mujer" 67 7 2 4 4 4 1 4 4 5 1 3
"581" 581 "Mujer" 80 7 NA 4 2 4 1 1 3 3 3 2
"582" 582 "Mujer" 61 3 4 2 4 4 1 5 1 1 5 5
"583" 583 "Mujer" 76 19 NA 3 1 2 5 4 4 4 4 1
"584" 584 "Mujer" 62 15 NA 4 3 3 5 4 2 5 2 4
"585" 585 "Mujer" 63 18 4 5 1 3 4 5 5 2 4 3
"586" 586 "Hombre" 84 17 5 5 2 4 5 1 2 3 1 4
"587" 587 "Mujer" 80 15 5 5 5 1 4 4 5 2 5 4
"588" 588 "Mujer" 60 19 4 4 5 3 4 4 5 2 3 2
"589" 589 "Hombre" 74 20 4 2 5 5 3 5 3 2 1 4
"590" 590 "Mujer" 71 12 2 1 2 4 2 2 2 1 4 3
"591" 591 "Mujer" 73 14 5 3 5 1 3 2 5 2 3 1
"592" 592 "Hombre" 74 1 NA 1 4 5 1 1 3 5 1 5
"593" 593 "Mujer" 61 16 1 4 2 4 3 4 2 2 1 4
"594" 594 "Mujer" 60 18 3 4 3 1 3 5 3 5 5 3
"595" 595 "Mujer" 68 13 5 4 5 5 4 1 3 4 3 3
"596" 596 "Mujer" 65 2 4 5 2 2 1 4 2 3 2 2
"597" 597 "Hombre" 85 16 3 5 2 2 5 4 2 5 4 3
"598" 598 "Mujer" 67 20 2 1 2 2 3 4 3 5 2 5
"599" 599 "Hombre" 63 16 NA 5 2 2 1 1 5 3 1 2
"600" 600 "Mujer" 67 11 4 3 3 4 5 2 3 1 2 2
"601" 601 "Mujer" 60 12 NA 4 4 4 3 4 2 5 4 1
"602" 602 "Mujer" 62 10 3 5 5 4 4 4 4 3 2 4
"603" 603 "Mujer" 63 6 5 1 2 3 3 5 3 2 3 3
"604" 604 "Hombre" 76 20 4 3 4 1 1 4 5 2 4 2
"605" 605 "Hombre" 72 18 2 2 2 1 5 1 3 1 4 3
"606" 606 "Mujer" 70 14 4 3 5 2 1 4 1 3 3 5
"607" 607 "Hombre" 60 10 5 3 1 1 3 2 3 2 2 2
"608" 608 "Hombre" 81 20 1 5 1 3 2 1 1 3 5 2
"609" 609 "Hombre" 80 13 2 5 4 3 1 4 4 4 4 3
"610" 610 "Mujer" 70 5 3 4 5 1 2 2 3 2 2 2
"611" 611 "Hombre" 77 12 NA 1 3 1 1 3 3 3 1 4
"612" 612 "Mujer" 73 14 5 5 4 2 5 1 3 1 1 3
"613" 613 "Mujer" 77 10 2 1 3 3 5 4 4 2 5 1
"614" 614 "Hombre" 68 15 5 5 1 1 4 5 3 1 4 3
"615" 615 "Mujer" 75 9 2 2 5 5 2 3 4 5 2 5
"616" 616 "Mujer" 79 12 NA 1 3 4 5 3 2 5 1 3
"617" 617 "Hombre" 77 1 5 2 1 3 4 1 2 5 1 1
"618" 618 "Hombre" 62 14 4 3 1 5 4 1 5 5 5 5
"619" 619 "Hombre" 81 9 4 3 4 2 5 1 2 5 1 1
"620" 620 "Hombre" 74 4 1 4 1 2 1 1 5 4 3 1
"621" 621 "Mujer" 84 12 5 5 5 1 5 3 2 3 4 5
"622" 622 "Mujer" 60 20 5 5 5 5 3 4 5 3 3 5
"623" 623 "Hombre" 67 6 NA 2 1 3 4 5 2 3 2 2
"624" 624 "Mujer" 79 9 NA 3 3 4 2 1 5 3 4 2
"625" 625 "Hombre" 81 19 5 5 3 1 3 3 5 5 3 1
"626" 626 "Hombre" 72 18 3 1 1 1 5 5 1 2 3 2
"627" 627 "Hombre" 67 16 1 1 4 2 5 2 1 2 5 2
"628" 628 "Mujer" 85 19 2 3 4 2 5 2 5 3 2 4
"629" 629 "Mujer" 60 6 5 2 5 5 2 4 4 1 4 1
"630" 630 "Hombre" 62 16 4 5 1 2 3 3 1 2 3 2
"631" 631 "Mujer" 62 20 5 1 4 3 3 5 2 2 5 4
"632" 632 "Mujer" 62 10 4 4 5 1 2 2 1 1 5 5
"633" 633 "Mujer" 69 18 NA 5 1 2 2 2 2 2 3 3
"634" 634 "Hombre" 85 12 4 1 2 4 2 3 4 2 4 5
"635" 635 "Hombre" 60 2 4 1 4 3 1 1 1 4 2 1
"636" 636 "Mujer" 82 9 4 1 3 4 5 5 1 3 3 1
"637" 637 "Mujer" 84 5 1 1 3 3 1 4 1 4 4 4
"638" 638 "Hombre" 79 1 NA 4 3 1 4 4 2 1 1 2
"639" 639 "Mujer" 69 3 5 1 2 4 5 1 3 1 5 5
"640" 640 "Hombre" 61 11 4 3 2 3 2 4 1 1 1 3
"641" 641 "Mujer" 64 2 NA 3 2 2 1 2 1 2 2 4
"642" 642 "Hombre" 68 2 2 5 4 3 1 1 5 5 1 2
"643" 643 "Hombre" 74 13 1 5 5 4 2 4 3 3 4 4
"644" 644 "Mujer" 82 10 1 3 4 5 1 4 1 5 4 2
"645" 645 "Hombre" 65 8 4 4 3 2 2 2 2 1 5 3
"646" 646 "Hombre" 68 3 1 4 2 3 2 5 2 1 1 3
"647" 647 "Hombre" 78 13 5 4 4 2 5 2 5 5 4 3
"648" 648 "Mujer" 79 11 5 2 2 2 2 3 3 1 2 5
"649" 649 "Mujer" 83 19 1 1 2 3 1 4 1 3 5 3
"650" 650 "Hombre" 67 19 NA 4 5 2 4 4 5 3 1 1
"651" 651 "Hombre" 64 12 5 1 3 1 4 5 1 5 2 2
"652" 652 "Mujer" 79 13 1 1 1 4 4 3 3 1 2 3
"653" 653 "Mujer" 79 1 1 3 5 3 3 4 4 5 4 1
"654" 654 "Mujer" 84 15 5 3 5 2 3 3 1 5 3 2
"655" 655 "Mujer" 61 8 NA 4 3 2 3 1 5 1 3 4
"656" 656 "Hombre" 60 20 2 4 2 2 3 2 4 5 2 2
"657" 657 "Mujer" 63 10 2 4 2 4 5 5 4 1 3 4
"658" 658 "Mujer" 81 2 2 4 2 3 2 2 3 4 1 3
"659" 659 "Mujer" 60 20 2 1 4 5 3 4 2 2 5 2
"660" 660 "Mujer" 76 3 NA 5 5 4 1 5 1 4 1 5
"661" 661 "Mujer" 64 10 3 5 1 5 3 1 4 1 2 3
"662" 662 "Mujer" 72 5 1 5 1 2 1 3 4 5 1 3
"663" 663 "Mujer" 69 13 5 4 4 4 5 4 2 5 3 1
"664" 664 "Hombre" 85 17 2 3 5 4 3 3 3 3 4 2
"665" 665 "Mujer" 69 15 5 1 5 2 3 3 2 1 4 2
"666" 666 "Mujer" 70 13 1 5 5 5 2 2 3 1 2 2
"667" 667 "Hombre" 70 17 2 3 5 2 3 5 3 2 5 3
"668" 668 "Hombre" 76 5 1 1 2 1 5 5 4 2 1 3
"669" 669 "Hombre" 83 19 3 1 5 3 3 1 3 1 4 1
"670" 670 "Mujer" 76 8 5 4 2 2 3 3 3 1 3 4
"671" 671 "Hombre" 85 17 1 5 1 3 2 2 4 1 2 3
"672" 672 "Mujer" 74 7 3 2 4 5 4 3 2 4 5 5
"673" 673 "Mujer" 80 6 5 3 4 1 5 5 5 4 2 4
"674" 674 "Hombre" 68 9 4 1 2 4 3 4 3 3 4 5
"675" 675 "Hombre" 60 11 3 2 3 4 1 5 3 5 2 4
"676" 676 "Hombre" 61 20 2 5 4 2 2 4 5 5 5 2
"677" 677 "Mujer" 64 16 1 2 3 1 2 5 1 1 1 5
"678" 678 "Hombre" 71 13 2 2 4 3 2 5 1 5 3 5
"679" 679 "Mujer" 82 12 NA 1 2 1 1 5 5 3 3 1
"680" 680 "Hombre" 66 6 NA 1 4 3 2 4 3 1 4 3
"681" 681 "Mujer" 81 2 5 3 3 2 1 3 3 2 1 5
"682" 682 "Hombre" 75 18 NA 3 4 5 2 3 5 4 5 2
"683" 683 "Hombre" 72 13 NA 1 3 1 4 5 1 5 3 1
"684" 684 "Hombre" 83 9 3 4 1 4 1 4 3 2 5 4
"685" 685 "Mujer" 70 3 NA 2 3 1 3 1 4 2 4 1
"686" 686 "Hombre" 76 11 3 2 2 1 5 4 3 1 3 5
"687" 687 "Hombre" 66 7 5 4 5 1 2 5 1 4 3 1
"688" 688 "Mujer" 80 15 2 1 3 1 3 5 1 4 5 5
"689" 689 "Mujer" 80 11 3 4 2 1 4 1 3 3 2 1
"690" 690 "Mujer" 69 7 NA 1 2 1 4 3 5 5 2 5
"691" 691 "Mujer" 74 5 3 4 5 5 1 3 3 5 3 5
"692" 692 "Hombre" 73 13 4 2 4 3 3 3 4 2 5 1
"693" 693 "Mujer" 74 19 5 4 3 5 2 2 5 1 4 2
"694" 694 "Mujer" 69 12 4 3 2 2 5 3 5 3 3 3
"695" 695 "Mujer" 67 3 4 1 3 3 3 1 1 1 5 4
"696" 696 "Hombre" 61 3 1 5 4 4 3 1 2 4 3 1
"697" 697 "Hombre" 65 10 1 3 3 4 4 1 2 2 5 3
"698" 698 "Mujer" 79 11 3 3 4 2 3 4 3 4 1 5
"699" 699 "Hombre" 76 6 NA 2 3 3 3 1 2 2 4 4
"700" 700 "Hombre" 76 12 4 2 2 5 2 4 1 2 5 3
"701" 701 "Hombre" 66 3 1 1 3 3 4 2 2 1 4 4
"702" 702 "Mujer" 69 9 NA 1 2 2 1 1 1 4 5 4
"703" 703 "Hombre" 80 13 4 5 2 2 5 1 1 1 3 2
"704" 704 "Mujer" 81 2 NA 4 5 5 1 4 2 5 2 5
"705" 705 "Hombre" 78 16 4 4 4 3 5 1 4 5 1 5
"706" 706 "Hombre" 77 16 NA 1 5 3 1 4 4 4 2 5
"707" 707 "Mujer" 76 1 3 3 1 5 3 3 4 5 2 2
"708" 708 "Mujer" 65 4 1 2 5 2 3 1 3 3 2 1
"709" 709 "Mujer" 78 13 3 4 1 1 1 1 2 5 4 3
"710" 710 "Hombre" 69 10 NA 1 3 2 5 3 2 2 1 2
"711" 711 "Mujer" 61 15 3 2 4 5 3 3 3 3 4 4
"712" 712 "Mujer" 77 2 3 3 5 5 3 2 3 5 4 5
"713" 713 "Mujer" 62 19 NA 4 4 4 3 1 1 5 1 4
"714" 714 "Mujer" 62 14 4 3 5 1 4 2 1 4 1 4
"715" 715 "Mujer" 69 2 NA 4 5 3 3 1 5 4 3 5
"716" 716 "Mujer" 60 14 3 3 1 4 4 5 5 2 1 2
"717" 717 "Mujer" 74 10 NA 5 3 1 1 5 1 3 2 2
"718" 718 "Mujer" 83 15 4 1 3 5 4 3 5 4 2 1
"719" 719 "Mujer" 80 5 2 2 4 1 2 1 2 2 5 3
"720" 720 "Mujer" 61 18 4 2 2 2 2 5 2 3 5 5
"721" 721 "Mujer" 78 1 3 3 2 5 3 4 1 5 5 1
"722" 722 "Hombre" 70 20 3 2 3 1 5 1 3 5 1 1
"723" 723 "Hombre" 80 18 3 2 4 5 2 2 2 5 2 1
"724" 724 "Mujer" 71 8 NA 2 4 4 4 5 5 2 1 5
"725" 725 "Mujer" 76 11 4 5 5 4 3 3 5 2 2 4
"726" 726 "Mujer" 61 12 4 2 3 3 5 3 2 2 2 3
"727" 727 "Mujer" 69 7 1 3 2 1 5 3 5 4 4 3
"728" 728 "Mujer" 72 19 3 4 3 1 4 2 1 4 4 5
"729" 729 "Hombre" 84 13 1 3 5 2 2 3 4 4 1 4
"730" 730 "Hombre" 75 15 4 4 1 5 5 4 4 4 3 2
"731" 731 "Mujer" 81 18 4 2 4 5 1 5 2 4 3 5
"732" 732 "Mujer" 73 12 3 4 2 1 2 3 1 1 3 2
"733" 733 "Mujer" 71 7 NA 2 4 2 3 1 2 4 1 4
"734" 734 "Mujer" 80 10 NA 5 4 5 3 1 2 4 5 2
"735" 735 "Mujer" 73 15 5 4 4 4 5 1 3 1 1 1
"736" 736 "Hombre" 65 2 4 2 2 2 3 5 5 1 4 4
"737" 737 "Hombre" 60 11 4 2 5 5 5 5 3 5 3 1
"738" 738 "Hombre" 68 15 3 3 2 4 2 1 2 3 5 4
"739" 739 "Mujer" 71 3 2 5 2 3 5 4 5 1 4 3
"740" 740 "Mujer" 72 10 2 4 5 5 1 5 5 2 3 2
"741" 741 "Hombre" 85 4 1 1 5 5 1 4 1 4 5 5
"742" 742 "Mujer" 74 13 5 3 2 4 3 1 2 5 1 5
"743" 743 "Mujer" 75 10 5 4 1 3 3 4 3 2 2 1
"744" 744 "Hombre" 84 1 4 4 3 3 3 3 4 2 5 1
"745" 745 "Mujer" 61 10 2 3 4 5 3 4 4 2 5 5
"746" 746 "Hombre" 70 9 5 5 4 3 2 2 5 5 1 5
"747" 747 "Hombre" 71 10 2 4 1 1 1 1 1 3 2 3
"748" 748 "Hombre" 63 16 1 2 4 4 1 4 3 1 4 3
"749" 749 "Hombre" 74 11 3 1 2 1 3 2 5 1 1 5
"750" 750 "Mujer" 73 1 1 2 1 5 1 3 1 5 3 5
"751" 751 "Hombre" 60 5 1 1 2 2 3 1 3 3 4 4
"752" 752 "Mujer" 66 12 5 3 1 2 4 3 5 1 2 4
"753" 753 "Mujer" 81 6 1 1 5 2 4 3 1 4 4 5
"754" 754 "Hombre" 78 10 4 4 3 2 5 1 1 5 4 1
"755" 755 "Mujer" 67 1 1 3 5 5 1 3 2 1 4 2
"756" 756 "Hombre" 84 10 1 4 4 1 3 5 5 2 4 5
"757" 757 "Mujer" 74 10 5 5 2 3 2 5 5 5 2 4
"758" 758 "Mujer" 76 13 NA 1 4 4 4 1 3 4 1 3
"759" 759 "Hombre" 68 15 1 3 4 2 4 2 1 2 1 4
"760" 760 "Hombre" 65 10 NA 2 2 1 4 3 4 3 3 1
"761" 761 "Hombre" 75 2 1 5 4 1 1 4 5 4 3 5
"762" 762 "Hombre" 67 15 1 1 4 4 2 5 1 5 5 3
"763" 763 "Hombre" 72 14 1 4 1 5 1 2 3 1 2 2
"764" 764 "Mujer" 71 10 2 3 5 1 1 2 2 3 3 2
"765" 765 "Hombre" 63 8 5 4 2 3 4 2 5 1 5 4
"766" 766 "Mujer" 75 1 NA 2 1 5 1 2 3 4 5 4
"767" 767 "Hombre" 68 9 NA 5 3 3 3 4 1 1 4 4
"768" 768 "Mujer" 62 17 5 5 1 3 3 2 4 3 5 1
"769" 769 "Hombre" 72 18 NA 4 5 2 5 3 1 3 2 2
"770" 770 "Mujer" 81 2 NA 3 3 1 1 1 3 1 5 1
"771" 771 "Mujer" 80 6 3 1 4 5 4 3 1 1 4 4
"772" 772 "Hombre" 78 7 NA 5 1 2 4 4 3 3 4 3
"773" 773 "Mujer" 63 3 3 2 2 4 1 5 2 5 1 3
"774" 774 "Hombre" 79 7 NA 5 2 4 3 2 3 3 2 1
"775" 775 "Mujer" 78 15 4 2 3 1 3 4 3 2 2 2
"776" 776 "Hombre" 68 19 5 3 5 5 1 2 4 1 2 4
"777" 777 "Mujer" 79 18 NA 2 5 5 1 1 3 2 3 5
"778" 778 "Mujer" 73 12 NA 5 3 2 3 2 1 3 3 1
"779" 779 "Mujer" 77 20 3 5 1 2 5 2 2 4 2 1
"780" 780 "Hombre" 75 10 4 2 4 1 5 1 5 3 5 4
"781" 781 "Hombre" 85 1 NA 2 3 2 4 1 1 1 4 5
"782" 782 "Hombre" 81 2 NA 1 3 2 5 4 1 4 1 3
"783" 783 "Mujer" 75 8 2 3 3 5 1 1 5 1 4 4
"784" 784 "Hombre" 84 6 5 1 3 2 5 1 3 2 2 1
"785" 785 "Hombre" 75 4 3 5 2 2 3 1 1 5 4 3
"786" 786 "Mujer" 62 19 4 4 2 1 5 1 2 1 2 4
"787" 787 "Hombre" 76 20 1 2 4 5 2 3 3 5 3 4
"788" 788 "Hombre" 74 10 2 1 4 1 1 1 2 4 3 2
"789" 789 "Mujer" 63 6 3 1 5 4 5 1 5 1 2 1
"790" 790 "Mujer" 65 6 4 1 5 3 5 3 2 5 3 4
"791" 791 "Hombre" 80 3 5 2 4 1 1 2 5 1 1 5
"792" 792 "Mujer" 72 1 NA 4 3 3 2 4 1 5 1 2
"793" 793 "Hombre" 67 6 4 2 4 4 5 2 3 4 3 5
"794" 794 "Hombre" 73 5 3 2 5 5 1 4 2 5 2 1
"795" 795 "Hombre" 61 4 NA 2 1 2 5 1 4 1 1 2
"796" 796 "Hombre" 84 19 1 4 2 3 5 2 3 4 3 5
"797" 797 "Mujer" 82 5 3 4 3 5 1 5 2 5 4 2
"798" 798 "Hombre" 74 6 4 1 3 1 2 5 2 5 1 1
"799" 799 "Mujer" 75 13 1 4 2 1 1 1 3 5 4 3
"800" 800 "Mujer" 61 13 NA 5 5 2 1 4 1 3 5 5
